gridtype=lonlat
xsize=380
ysize=451
xfirst=2.97585227
xinc=0.038893096
yfirst=45
yinc=0.025
